Parametri coerenti TOOLBOX - no tracker undistortion
image 1:  91,181 -2,65577 179,351 0,519158 0,121184 36,8184 20
image 2:  91,1884 -2,3524 179,561 0,517145 0,123592 36,8014 20
image 3:  91,2095 -2,18043 179,819 0,515328 0,125909 36,8001 20
image 4:  91,3212 -0,53446 179,475 1,48013 -0,167627 41,915 20
image 5:  91,3188 -0,498596 179,306 1,48302 -0,167014 41,9174 20
image 6:  91,3379 -0,484536 179,398 1,48167 -0,167041 41,9149 20
image 7:  91,2906 -2,18236 -178,828 1,61669 -0,545537 47,2462 20
image 8:  91,3043 -1,74295 -178,648 1,61849 -0,540943 47,2538 20
image 9:  91,2769 -2,21031 -178,89 1,61637 -0,544632 47,2144 20
image 10:  91,3498 -2,01558 179,583 2,27656 -0,829116 52,544 20
image 11:  91,3401 -2,28334 179,483 2,27632 -0,829091 52,4956 20
image 12:  91,3366 -2,16386 179,682 2,27589 -0,827134 52,5082 20
image 13:  91,0391 -0,286857 179,326 3,91408 -0,786817 57,8711 20
image 14:  91,0175 -0,0344635 179,696 3,90896 -0,786793 57,8708 20
image 15:  91,0343 -2,8102 175,854 1,93504 -1,33274 62,8503 20
image 16:  91,0705 -2,63564 175,839 1,93603 -1,33374 62,8565 20
image 17:  91,1691 2,72254 -171,537 2,09063 -1,86836 73,3034 20
image 18:  91,1708 2,74628 -171,413 2,08979 -1,86919 73,3156 20
image 19:  91,0136 0,837555 173,548 1,42115 -2,4224 83,8518 20
image 20:  91,0208 0,97403 173,182 1,42567 -2,42136 83,8656 20
image 21:  91,1257 -1,89772 179,647 0,790369 -3,13597 94,5295 20
image 22:  91,4017 -2,47068 -174,191 0,763849 -3,13435 94,34 20
image 23:  91,4345 -4,26323 -171,181 1,04262 -3,65451 105,943 20
image 24:  91,5387 -4,49384 -170,754 1,04346 -3,65125 105,873 20
image 25:  91,2485 -6,72375 171,534 0,692119 -4,33907 116,864 20
image 26:  91,2994 -6,5686 171,898 0,690522 -4,33903 116,994 20
image 27:  91,661 -3,62359 -168,984 1,10948 -4,89521 125,379 20
image 28:  92,0295 -5,25229 -168,369 1,11266 -4,88729 124,993 20
image 29:  92,0295 -5,25229 -168,369 1,11266 -4,88729 124,993 20
image 30:  91,5202 2,62572 -167,311 4,84395 6,79114 136,75 20
image 31:  91,759 -6,12892 -164,107 4,66563 7,35637 146,132 20
image 32:  92,0572 -7,36887 -164,127 4,66251 7,34052 145,816 20
image 33:  89,1473 9,31502 -164,484 5,51827 7,39039 153,838 20
image 34:  89,59 7,389 -165,358 5,55563 7,44194 154,811 20

Parametri coerenti AICON - no tracker undistortion
image 1:  90,6963 -0,738194 142,168 0,807452 -0,172986 27,7327 20
image 2:  90,7095 -0,708542 142,208 0,807704 -0,173239 27,7224 20
image 3:  90,735 -0,678747 142,258 0,808291 -0,17253 27,7253 20
image 4:  90,8518 0,334011 142,598 1,4869 -0,520648 31,4516 20
image 5:  90,846 0,306936 142,589 1,48735 -0,520715 31,4526 20
image 6:  90,8773 0,3483 142,62 1,48749 -0,520429 31,4581 20
image 7:  0 0 -0 0 0 0 20
image 8:  0 0 -0 0 0 0 20
image 9:  0 0 -0 0 0 0 20
image 10:  90,7017 1,11551 142,41 2,04327 -1,27205 39,3499 20
image 11:  90,6991 1,12722 142,454 2,04329 -1,27007 39,3336 20
image 12:  90,6957 1,13692 142,425 2,04374 -1,26866 39,3294 20
image 13:  90,7636 1,4348 143,33 3,23569 -1,31986 43,3886 20
image 14:  0 0 -0 0 0 0 20
image 15:  90,5592 3,35359 -137,495 1,22512 -1,88897 47,1667 20
image 16:  90,5963 3,33066 -137,463 1,22511 -1,89052 47,1537 20
image 17:  90,2878 3,79293 -136,768 1,40449 -2,4872 54,405 20
image 18:  90,32 3,71552 -136,738 1,40417 -2,48818 54,407 20
image 19:  90,7948 3,02325 139,336 1,29423 -3,12625 62,2458 20
image 20:  90,781 2,98625 139,273 1,29674 -3,1262 62,2549 20
image 21:  91,0013 2,98623 -137,452 0,478592 -3,9088 69,6383 20
image 22:  91,0511 2,94389 -137,395 0,480843 -3,91088 69,6428 20
image 23:  90,833 3,09256 -137,81 0,681095 -4,55482 78,2103 20
image 24:  90,8666 3,11294 -137,738 0,683855 -4,55147 78,1849 20
image 25:  90,7338 6,63387 -137,974 0,389467 -5,32596 86,3218 20
image 26:  90,7306 6,54029 -137,899 0,390333 -5,32258 86,3413 20
image 27:  91,1935 3,2594 -137,471 0,828257 -6,12998 93,7408 20
image 28:  91,4862 2,8888 -137,531 0,835564 -6,1338 93,7505 20
image 29:  91,0337 -0,697677 -135,989 3,65268 5,68228 102,309 20
image 30:  91,0318 -0,490212 -135,921 3,64825 5,67474 102,164 20
image 31:  91,3124 -3,70118 -134,967 3,52983 6,16709 108,903 20
image 32:  91,5376 -4,04411 -135,033 3,53148 6,16411 108,802 20
image 33:  90,279 -1,04129 -137,525 4,25246 6,23279 117,774 20
image 34:  90,6036 -1,77751 -137,337 4,25248 6,24192 117,785 20

Parametri non coerenti - no tracker undistortion
image 1:  91,0426 -1,68154 179,403 -0,113388 -0,41616 36,8322 20
image 2:  91,0491 -1,42076 179,512 -0,114032 -0,413703 36,8129 20
image 3:  91,0699 -1,26848 179,713 -0,115085 -0,411725 36,8109 20
image 4:  91,085 0,581924 179,939 0,756594 -0,780446 41,9436 20
image 5:  91,083 0,751651 179,755 0,758943 -0,778502 41,9454 20
image 6:  91,1062 0,671547 179,81 0,758484 -0,779459 41,9431 20
image 7:  91,07 -1,64372 -177,807 0,815482 -1,24314 47,2539 20
image 8:  91,0835 -1,26007 -177,74 0,817784 -1,23895 47,2606 20
image 9:  91,0556 -1,60525 -177,898 0,815101 -1,24108 47,2262 20
image 10:  91,039 -0,975345 -179,176 1,39233 -1,61192 52,6043 20
image 11:  91,0429 -1,37904 -179,136 1,39174 -1,61236 52,5555 20
image 12:  91,0384 -1,28395 -178,974 1,39127 -1,61064 52,5638 20
image 13:  90,8827 2,55074 -177,24 2,9164 -1,67158 58,1954 20
image 14:  90,872 2,35311 -176,698 2,90905 -1,67446 58,1805 20
image 15:  91,0638 -0,599362 -176,664 0,842005 -2,29559 63,2283 20
image 16:  91,0927 -0,514659 -176,592 0,842196 -2,29675 63,2268 20
image 17:  90,4755 5,37522 -170,099 0,828059 -2,9118 72,842 20
image 18:  90,4891 5,28693 -170,01 0,827238 -2,91333 72,8573 20
image 19:  91,1417 -2,55044 -173,047 -0,0452663 -3,66392 83,5766 20
image 20:  91,1049 -2,09407 -173,166 -0,0416275 -3,66483 83,6675 20
image 21:  91,3402 -2,17419 -171,105 -0,817854 -4,49463 93,5198 20
image 22:  91,4016 -2,17812 -170,571 -0,816969 -4,49486 93,4911 20
image 23:  91,1093 -1,75535 -172,178 -0,76695 -5,19336 104,792 20
image 24:  91,1697 -1,79584 -171,765 -0,764183 -5,18993 104,757 20
image 25:  91,2293 10,7726 -170,411 -1,3657 -5,96189 115,135 20
image 26:  91,2112 10,3669 -170,159 -1,36651 -5,96303 115,221 20
image 27:  91,5964 -2,73046 -169,989 -0,974039 -6,87608 125,415 20
image 28:  91,9622 -4,46368 -169,281 -0,963579 -6,86183 125,017 20
image 29:  91,2652 4,32623 -169,097 2,55936 4,80953 136,771 20
image 30:  91,2646 4,80771 -168,63 2,55425 4,80149 136,5 20
image 31:  91,7362 -6,58285 -165,411 2,23159 5,22922 146,131 20
image 32:  92,0112 -7,75027 -165,248 2,23181 5,21534 145,733 20
image 33:  90,1299 9,79156 -173,137 2,94016 5,16631 155,248 20
image 34:  90,5428 7,68568 -175,444 2,96441 5,2036 156,225 20

Parametri non coerenti - no undistorted
image 1:  91,1118 -2,5 178,951 1,1725 -0,101045 36,1507 20
image 2:  91,1151 -2,10522 179,079 1,17095 -0,0972443 36,1358 20
image 3:  91,134 -1,97438 179,194 1,17065 -0,0955028 36,1353 20
image 4:  91,238 -0,871609 179,137 2,21441 -0,419248 41,083 20
image 5:  91,2316 -0,789866 179,012 2,21669 -0,418201 41,0849 20
Parametri non coerenti - no undistorted
image 1:  91,1118 -2,5 178,951 1,1725 -0,101045 36,1507 20
image 2:  91,1151 -2,10522 179,079 1,17095 -0,0972443 36,1358 20
image 3:  91,134 -1,97438 179,194 1,17065 -0,0955028 36,1353 20
image 4:  91,238 -0,871609 179,137 2,21441 -0,419248 41,083 20
image 5:  91,2316 -0,789866 179,012 2,21669 -0,418201 41,0849 20
image 6:  91,2532 -0,79665 179,09 2,21563 -0,418409 41,0832 20
image 7:  91,154 -2,5628 -179,831 2,47574 -0,821823 46,3097 20
image 8:  91,1607 -2,0236 -179,764 2,47877 -0,816166 46,3211 20
image 9:  91,1404 -2,57074 -179,848 2,47427 -0,820422 46,2782 20
image 10:  91,1686 -2,17454 178,996 3,21206 -1,13477 51,4191 20
image 11:  91,1698 -2,45672 179,049 3,20985 -1,13462 51,3747 20
image 12:  91,1644 -2,37278 179,14 3,21036 -1,13301 51,3852 20
image 13:  91,073 -0,878425 179,904 4,9592 -1,15208 56,8674 20
image 14:  91,0483 -0,572322 -179,794 4,95485 -1,15159 56,8697 20
image 15:  91,1401 -4,382 178,472 3,04474 -1,71993 61,4302 20
image 16:  91,1694 -4,12136 178,541 3,04568 -1,72019 61,4457 20
image 17:  91,2923 -2,7867 -178,077 3,43463 -2,32764 71,5711 20
image 18:  91,261 -1,12649 -176,971 3,43213 -2,32146 71,6653 20
image 19:  90,9942 -1,10808 177,016 2,88165 -2,91544 81,8779 20
image 20:  90,982 -0,427028 176,382 2,88895 -2,91227 81,91 20
image 21:  91,2504 -3,91701 -178,021 2,44809 -3,65559 91,6852 20
image 22:  91,3153 -3,55294 -177,271 2,44918 -3,65792 91,7491 20
image 23:  91,5052 -5,53294 -172,406 2,90668 -4,22346 102,651 20
image 24:  91,6542 -5,92701 -171,868 2,90428 -4,21952 102,555 20
image 25:  91,4383 -7,98841 174,567 2,73882 -4,93656 112,736 20
image 26:  91,4889 -7,87036 175,09 2,73876 -4,93732 112,864 20
image 27:  91,739 -4,81397 -170,96 3,43209 -5,68907 122,835 20
image 28:  92,1404 -6,39652 -169,873 3,42559 -5,67602 122,4 20
image 29:  91,3057 4,14441 -170,768 7,31081 6,04194 134,142 20
image 30:  91,3726 4,25942 -170,351 7,30194 6,03453 133,975 20
image 31:  92,0345 -8,86251 -166,726 7,29297 6,52368 143,029 20
image 32:  92,3391 -10,0075 -166,22 7,27317 6,50149 142,541 20
image 33:  89,856 8,19081 -171,315 8,4281 6,58768 152,677 20
image 34:  90,3358 5,9567 -173,742 8,4853 6,63144 153,6 20

Parametri coerenti TOOLBOX - no undistorted
image 1:  91,1118 -2,5 178,951 1,1725 -0,101045 36,1507 20
image 2:  91,1151 -2,10522 179,079 1,17095 -0,0972443 36,1358 20
image 3:  91,134 -1,97438 179,194 1,17065 -0,0955028 36,1353 20
image 4:  91,238 -0,871609 179,137 2,21441 -0,419248 41,083 20
image 5:  91,2316 -0,789866 179,012 2,21669 -0,418201 41,0849 20
image 6:  91,2532 -0,79665 179,09 2,21563 -0,418409 41,0832 20
image 7:  91,154 -2,5628 -179,831 2,47574 -0,821823 46,3097 20
image 8:  91,1607 -2,0236 -179,764 2,47877 -0,816166 46,3211 20
image 9:  91,1404 -2,57074 -179,848 2,47427 -0,820422 46,2782 20
image 10:  91,1686 -2,17454 178,996 3,21206 -1,13477 51,4191 20
image 11:  91,1698 -2,45672 179,049 3,20985 -1,13462 51,3747 20
image 12:  91,1644 -2,37278 179,14 3,21036 -1,13301 51,3852 20
image 13:  91,073 -0,878425 179,904 4,9592 -1,15208 56,8674 20
image 14:  91,0483 -0,572322 -179,794 4,95485 -1,15159 56,8697 20
image 15:  91,1401 -4,382 178,472 3,04474 -1,71993 61,4302 20
image 16:  91,1694 -4,12136 178,541 3,04568 -1,72019 61,4457 20
image 17:  91,2923 -2,7867 -178,077 3,43463 -2,32764 71,5711 20
image 18:  91,261 -1,12649 -176,971 3,43213 -2,32146 71,6653 20
image 19:  90,9942 -1,10808 177,016 2,88165 -2,91544 81,8779 20
image 20:  90,982 -0,427028 176,382 2,88895 -2,91227 81,91 20
image 21:  91,2504 -3,91701 -178,021 2,44809 -3,65559 91,6852 20
image 22:  91,3153 -3,55294 -177,271 2,44918 -3,65792 91,7491 20
image 23:  91,5052 -5,53294 -172,406 2,90668 -4,22346 102,651 20
image 24:  91,6542 -5,92701 -171,868 2,90428 -4,21952 102,555 20
image 25:  91,4383 -7,98841 174,567 2,73882 -4,93656 112,736 20
image 26:  91,4889 -7,87036 175,09 2,73876 -4,93732 112,864 20
image 27:  91,739 -4,81397 -170,96 3,43209 -5,68907 122,835 20
image 28:  92,1404 -6,39652 -169,873 3,42559 -5,67602 122,4 20
image 29:  91,3057 4,14441 -170,768 7,31081 6,04194 134,142 20
image 30:  91,3726 4,25942 -170,351 7,30194 6,03453 133,975 20
image 31:  92,0345 -8,86251 -166,726 7,29297 6,52368 143,029 20
image 32:  92,3391 -10,0075 -166,22 7,27317 6,50149 142,541 20
image 33:  89,856 8,19081 -171,315 8,4281 6,58768 152,677 20
image 34:  90,3358 5,9567 -173,742 8,4853 6,63144 153,6 20

Parametri coerenti AICON - no undistorted
image 1:  90,7817 -1,44407 144,869 1,76328 0,142553 27,3943 20
image 2:  90,7946 -1,41269 144,906 1,76309 0,142118 27,3839 20
image 3:  90,8181 -1,38565 144,877 1,76381 0,142775 27,3759 20
image 4:  90,9592 -0,543015 145,177 2,57243 -0,157658 30,9975 20
image 5:  90,9489 -0,579482 145,131 2,57313 -0,157832 30,993 20
image 6:  90,9765 -0,53934 145,165 2,57321 -0,157468 30,9983 20
image 7:  90,7448 -0,175587 144,634 2,80881 -0,513886 34,839 20
image 8:  90,779 -0,116701 144,646 2,8112 -0,512305 34,8401 20
image 9:  90,7347 -0,170838 144,708 2,8082 -0,512875 34,8333 20
image 10:  90,7553 0,0684083 144,665 3,39385 -0,801546 38,6299 20
image 11:  90,7526 0,0868233 144,704 3,39323 -0,799515 38,6129 20
image 12:  90,7486 0,0943382 144,675 3,39354 -0,79823 38,609 20
image 13:  90,7015 0,0614608 145,576 4,74937 -0,795426 42,5805 20
image 14:  90,7021 0,147878 145,575 4,74629 -0,796326 42,5669 20
image 15:  90,5731 -0,0663995 143,463 3,3559 -1,31858 46,0768 20
image 16:  90,6063 -0,0361841 143,421 3,35577 -1,31954 46,0646 20
image 17:  90,5095 3,41968 -135,635 3,30698 -1,86511 53,5188 20
image 18:  90,5387 3,35329 -135,59 3,30666 -1,86607 53,5169 20
image 19:  90,7586 1,64786 141,985 3,43408 -2,40624 61,133 20
image 20:  90,7458 1,61024 141,923 3,43675 -2,40607 61,1405 20
image 21:  90,8173 2,08669 141,376 3,23634 -3,07404 68,3971 20
image 22:  90,8725 2,1587 141,332 3,23874 -3,07528 68,4023 20
image 23:  90,9185 2,36869 -136,47 3,43039 -3,60235 77,0993 20
image 24:  91,0209 2,30351 -136,411 3,43073 -3,59975 77,0694 20
image 25:  90,6741 5,83069 -136,711 3,42852 -4,26244 84,9914 20
image 26:  90,7282 5,68062 -136,679 3,42864 -4,25975 85,0166 20
image 27:  91,0832 2,76014 -136,166 4,12003 -4,96195 92,1486 20
image 28:  91,3771 2,40771 -136,224 4,12749 -4,96561 92,1597 20
image 29:  91,2905 -1,84219 -134,707 7,21021 6,92298 100,61 20
image 30:  91,3262 -1,67763 -134,64 7,20175 6,91411 100,48 20
image 31:  91,4631 -4,55965 -133,843 7,30763 7,47782 106,95 20
image 32:  91,6915 -4,88166 -133,905 7,30594 7,47374 106,856 20
image 33:  90,3826 -2,06066 -135,221 8,38626 7,64799 115,473 20
image 34:  90,7167 -2,74627 -135,024 8,38575 7,65612 115,471 20

Parametri coerenti TOOLBOX - no undistorted, no tracker undist- prova pose duplicate
image 1:  91,1118 -2,5 178,951 1,1725 -0,101045 36,1507 20 1
image 2:  91,1151 -2,10522 179,079 1,17095 -0,0972443 36,1358 20 2
image 3:  91,134 -1,97438 179,194 1,17065 -0,0955028 36,1353 20 3
image 4:  91,238 -0,871609 179,137 2,21441 -0,419248 41,083 20 4
image 5:  91,2316 -0,789866 179,012 2,21669 -0,418201 41,0849 20 5
image 6:  91,2532 -0,79665 179,09 2,21563 -0,418409 41,0832 20 6
image 7:  91,154 -2,5628 -179,831 2,47574 -0,821823 46,3097 20 7
image 8:  91,1607 -2,0236 -179,764 2,47877 -0,816166 46,3211 20 8
image 9:  91,1404 -2,57074 -179,848 2,47427 -0,820422 46,2782 20 9
image 10:  91,1686 -2,17454 178,996 3,21206 -1,13477 51,4191 20 10
image 11:  91,1698 -2,45672 179,049 3,20985 -1,13462 51,3747 20 11
image 12:  91,1644 -2,37278 179,14 3,21036 -1,13301 51,3852 20 12
image 13:  91,073 -0,878425 179,904 4,9592 -1,15208 56,8674 20 13
image 14:  91,0483 -0,572322 -179,794 4,95485 -1,15159 56,8697 20 14
image 15:  91,1401 -4,382 178,472 3,04474 -1,71993 61,4302 20 15
image 16:  91,1694 -4,12136 178,541 3,04568 -1,72019 61,4457 20 16
image 17:  91,2923 -2,7867 -178,077 3,43463 -2,32764 71,5711 20 17
image 18:  91,261 -1,12649 -176,971 3,43213 -2,32146 71,6653 20 18
image 19:  90,9942 -1,10808 177,016 2,88165 -2,91544 81,8779 20 19
image 20:  90,982 -0,427028 176,382 2,88895 -2,91227 81,91 20 20
image 21:  91,2504 -3,91701 -178,021 2,44809 -3,65559 91,6852 20 21
image 22:  91,3153 -3,55294 -177,271 2,44918 -3,65792 91,7491 20 22
image 23:  91,5052 -5,53294 -172,406 2,90668 -4,22346 102,651 20 23
image 24:  91,6542 -5,92701 -171,868 2,90428 -4,21952 102,555 20 24
image 25:  91,4383 -7,98841 174,567 2,73882 -4,93656 112,736 20 25
image 26:  91,4889 -7,87036 175,09 2,73876 -4,93732 112,864 20 26
image 27:  91,739 -4,81397 -170,96 3,43209 -5,68907 122,835 20 27
image 28:  92,1404 -6,39652 -169,873 3,42559 -5,67602 122,4 20 28
image 29:  91,3057 4,14441 -170,768 7,31081 6,04194 134,142 20 29
image 30:  91,3726 4,25942 -170,351 7,30194 6,03453 133,975 20 30
image 31:  92,0345 -8,86251 -166,726 7,29297 6,52368 143,029 20 31
image 32:  92,3391 -10,0075 -166,22 7,27317 6,50149 142,541 20 32
image 33:  89,856 8,19081 -171,315 8,4281 6,58768 152,677 20 33
image 34:  90,3358 5,9567 -173,742 8,4853 6,63144 153,6 20 34
Parametri coerenti TOOLBOX - no undistorted AICON - prova pose duplicate
image 1:  91,1118 -2,5 178,951 1,1725 -0,101045 36,1507 20 1
image 2:  91,1151 -2,10522 179,079 1,17095 -0,0972443 36,1358 20 2
image 3:  91,134 -1,97438 179,194 1,17065 -0,0955028 36,1353 20 3
image 4:  91,238 -0,871609 179,137 2,21441 -0,419248 41,083 20 4
image 5:  91,2316 -0,789866 179,012 2,21669 -0,418201 41,0849 20 5
image 6:  91,2532 -0,79665 179,09 2,21563 -0,418409 41,0832 20 6
image 7:  91,154 -2,5628 -179,831 2,47574 -0,821823 46,3097 20 7
image 8:  91,1607 -2,0236 -179,764 2,47877 -0,816166 46,3211 20 8
image 9:  91,1404 -2,57074 -179,848 2,47427 -0,820422 46,2782 20 9
image 10:  91,1686 -2,17454 178,996 3,21206 -1,13477 51,4191 20 10
image 11:  91,1698 -2,45672 179,049 3,20985 -1,13462 51,3747 20 11
image 12:  91,1644 -2,37278 179,14 3,21036 -1,13301 51,3852 20 12
image 13:  91,073 -0,878425 179,904 4,9592 -1,15208 56,8674 20 13
image 14:  91,0483 -0,572322 -179,794 4,95485 -1,15159 56,8697 20 14
image 15:  91,1401 -4,382 178,472 3,04474 -1,71993 61,4302 20 15
image 16:  91,1694 -4,12136 178,541 3,04568 -1,72019 61,4457 20 16
image 17:  91,2923 -2,7867 -178,077 3,43463 -2,32764 71,5711 20 17
image 18:  91,261 -1,12649 -176,971 3,43213 -2,32146 71,6653 20 18
image 19:  90,9942 -1,10808 177,016 2,88165 -2,91544 81,8779 20 19
image 20:  90,982 -0,427028 176,382 2,88895 -2,91227 81,91 20 20
image 21:  91,2504 -3,91701 -178,021 2,44809 -3,65559 91,6852 20 21
image 22:  91,3153 -3,55294 -177,271 2,44918 -3,65792 91,7491 20 22
image 23:  91,5052 -5,53294 -172,406 2,90668 -4,22346 102,651 20 23
image 24:  91,6542 -5,92701 -171,868 2,90428 -4,21952 102,555 20 24
image 25:  91,4383 -7,98841 174,567 2,73882 -4,93656 112,736 20 25
image 26:  91,4889 -7,87036 175,09 2,73876 -4,93732 112,864 20 26
image 27:  91,739 -4,81397 -170,96 3,43209 -5,68907 122,835 20 27
image 28:  92,1404 -6,39652 -169,873 3,42559 -5,67602 122,4 20 28
image 29:  91,3057 4,14441 -170,768 7,31081 6,04194 134,142 20 29
image 30:  91,3726 4,25942 -170,351 7,30194 6,03453 133,975 20 30
image 31:  92,0345 -8,86251 -166,726 7,29297 6,52368 143,029 20 31
image 32:  92,3391 -10,0075 -166,22 7,27317 6,50149 142,541 20 32
image 33:  89,856 8,19081 -171,315 8,4281 6,58768 152,677 20 33
image 34:  90,3358 5,9567 -173,742 8,4853 6,63144 153,6 20 34

Parametri coerenti TOOLBOX - no undistorted AICON - pp aicon
image 1:  90,7287 -1,06309 143,975 1,28364 -0,0790099 27,4009 20 1
image 2:  90,7423 -1,03159 144,013 1,28364 -0,0793522 27,3905 20 2
image 3:  90,7676 -1,00151 144,02 1,28433 -0,0786026 27,3875 20 3
image 4:  90,9168 -0,149636 144,298 2,02786 -0,409915 31,0064 20 4
image 5:  90,9059 -0,185475 144,25 2,02865 -0,410041 31,0019 20 5
image 6:  90,9349 -0,143948 144,317 2,02865 -0,409778 31,0123 20 6
image 7:  90,7092 0,239061 143,743 2,19515 -0,798637 34,8492 20 7
image 8:  90,7451 0,298833 143,785 2,1976 -0,797185 34,8558 20 8
image 9:  90,6992 0,243628 143,818 2,19466 -0,797584 34,8437 20 9
image 10:  90,7213 0,491671 143,753 2,7121 -1,11825 38,6372 20 10
image 11:  90,7194 0,510581 143,819 2,71195 -1,11624 38,6258 20 11
image 12:  90,7155 0,51847 143,79 2,71232 -1,11492 38,6217 20 12
image 13:  90,6599 0,47561 144,697 3,99683 -1,14561 42,589 20 13
image 14:  90,6619 0,56203 144,69 3,99389 -1,14635 42,5738 20 14
image 15:  90,5432 0,382707 142,552 2,54074 -1,69817 46,0922 20 15
image 16:  90,5774 0,413041 142,528 2,54096 -1,69919 46,0846 20 16
image 17:  90,5528 3,86198 -136,735 2,35907 -2,30744 53,5347 20 17
image 18:  90,5822 3,79166 -136,695 2,35887 -2,30848 53,5343 20 18
image 19:  90,7678 2,12797 141,036 2,34945 -2,91251 61,1543 20 19
image 20:  90,7543 2,0906 140,974 2,35198 -2,91241 61,162 20 20
image 21:  90,8382 2,57678 140,425 2,02187 -3,64163 68,4264 20 21
image 22:  90,8948 2,64822 140,381 2,02417 -3,64291 68,4314 20 22
image 23:  90,9489 2,78813 -137,57 2,06108 -4,2434 77,1323 20 23
image 24:  91,0528 2,71356 -137,505 2,06183 -4,24042 77,0991 20 24
image 25:  90,7695 6,24958 -137,813 1,91842 -4,9699 85,0334 20 25
image 26:  90,8216 6,0962 -137,78 1,91806 -4,9674 85,0578 20 26
image 27:  91,1207 3,17004 -137,271 2,48232 -5,72961 92,1928 20 27
image 28:  91,4085 2,81131 -137,331 2,48956 -5,73335 92,2031 20 28
image 29:  91,2272 -1,28946 -135,769 5,41674 6,08461 100,551 20 29
image 30:  91,2659 -1,12582 -135,702 5,41059 6,07682 100,42 20 30
image 31:  91,3525 -4,01417 -134,911 5,40139 6,58663 106,896 20 31
image 32:  91,5733 -4,33587 -134,984 5,40172 6,58373 106,808 20 32
image 33:  90,3116 -1,48252 -136,271 6,32707 6,68518 115,403 20 33
image 34:  90,6337 -2,1758 -136,081 6,32677 6,69349 115,405 20 34

Parametri coerenti TOOLBOX - no undistorted AICON - pp aicon , kc , iteration =1
image 1:  90,7323 -1,07501 144,01 1,29656 -0,0796368 27,1397 20 1
image 2:  90,7425 -1,04959 144 1,29688 -0,0800589 27,1224 20 2
image 3:  90,7649 -1,02142 144,057 1,29733 -0,0794155 27,1262 20 3
image 4:  90,9414 -0,0858301 144,403 2,042 -0,413514 30,7453 20 4
image 5:  90,9321 -0,118314 144,421 2,04281 -0,413738 30,7511 20 5
image 6:  90,9605 -0,0783836 144,456 2,04281 -0,413433 30,7565 20 6
image 7:  90,7514 0,357739 143,858 2,20737 -0,804428 34,6033 20 7
image 8:  90,7873 0,418064 143,87 2,20975 -0,802838 34,6043 20 8
image 9:  90,7386 0,358206 143,905 2,20687 -0,80329 34,5924 20 9
image 10:  90,7755 0,652525 143,933 2,72395 -1,12498 38,3919 20 10
image 11:  90,7729 0,669768 143,973 2,72367 -1,12278 38,3751 20 11
image 12:  90,7677 0,675509 143,972 2,72427 -1,12163 38,3765 20 12
image 13:  90,7185 0,658578 145,031 4,01001 -1,15089 42,3118 20 13
image 14:  90,7202 0,746858 145,003 4,00675 -1,15151 42,2917 20 14
image 15:  90,6028 0,551981 142,592 2,54853 -1,70473 45,8517 20 15
image 16:  90,6372 0,582279 142,568 2,54873 -1,70577 45,8439 20 16
image 17:  90,6098 3,76959 -136,732 2,36356 -2,31581 53,2987 20 17
image 18:  90,6438 3,68919 -136,673 2,36294 -2,31671 53,2926 20 18
image 19:  90,8285 2,2883 141,024 2,35338 -2,91796 60,9147 20 19
image 20:  90,8151 2,25079 140,962 2,3559 -2,91785 60,9224 20 20
image 21:  90,8966 2,73012 140,356 2,02443 -3,64513 68,1608 20 21
image 22:  90,9535 2,80271 140,3 2,02663 -3,64615 68,1608 20 22
image 23:  91,0055 2,67968 -137,48 2,06143 -4,24604 76,8407 20 23
image 24:  91,1053 2,61951 -137,43 2,0624 -4,24336 76,8139 20 24
image 25:  90,8218 6,14659 -137,717 1,91824 -4,97067 84,7236 20 25
image 26:  90,8727 5,99646 -137,691 1,91796 -4,96834 84,7516 20 26
image 27:  91,1845 3,04912 -137,17 2,48087 -5,72726 91,823 20 27
image 28:  91,4724 2,68922 -137,226 2,48806 -5,7309 91,8307 20 28
image 29:  91,1067 -1,05764 -135,758 5,41107 6,08123 100,087 20 29
image 30:  91,1438 -0,890156 -135,697 5,40509 6,07365 99,9597 20 30
image 31:  91,2368 -3,79876 -134,899 5,39578 6,58254 106,433 20 31
image 32:  91,4605 -4,12734 -134,971 5,39619 6,57972 106,347 20 32
image 33:  90,1958 -1,25684 -136,273 6,32049 6,68029 114,912 20 33
image 34:  90,5179 -1,9513 -136,089 6,32055 6,68898 114,921 20 34
Parametri coerenti TOOLBOX - no undistorted AICON - pp aicon , kc , iteration=5
image 1:  90,7324 -1,07545 144,012 1,29688 -0,0796579 27,1345 20 1
image 2:  90,7441 -1,04677 144,052 1,29696 -0,0800588 27,1241 20 2
image 3:  90,7633 -1,02554 144,008 1,2979 -0,0794651 27,1142 20 3
image 4:  90,9426 -0,0819937 144,408 2,04235 -0,413612 30,7408 20 4
image 5:  90,9326 -0,116213 144,393 2,04314 -0,413781 30,7414 20 5
image 6:  90,961 -0,0761817 144,428 2,04315 -0,413475 30,7467 20 6
image 7:  90,7536 0,364258 143,892 2,2077 -0,804675 34,605 20 7
image 8:  90,7891 0,423931 143,874 2,21 -0,802957 34,6004 20 8
image 9:  90,7408 0,364622 143,939 2,20721 -0,803536 34,5941 20 9
image 10:  90,7771 0,659054 143,909 2,72401 -1,12494 38,3824 20 10
image 11:  90,7744 0,676286 143,948 2,72374 -1,12274 38,3656 20 11
image 12:  90,7697 0,682498 143,976 2,72451 -1,12176 38,3727 20 12
image 13:  90,7206 0,666527 145,039 4,01033 -1,15099 42,3075 20 13
image 14:  90,7223 0,754874 145,011 4,00707 -1,15161 42,2874 20 14
image 15:  90,6045 0,557576 142,593 2,54864 -1,70484 45,8489 20 15
image 16:  90,6394 0,588263 142,595 2,54903 -1,70611 45,8476 20 16
image 17:  90,6114 3,76594 -136,732 2,36361 -2,31595 53,2961 20 17
image 18:  90,6454 3,68559 -136,672 2,36299 -2,31684 53,29 20 18
image 19:  90,8298 2,29252 141,012 2,35331 -2,91781 60,9084 20 19
image 20:  90,8164 2,2549 140,95 2,35583 -2,91771 60,9162 20 20
image 21:  90,8972 2,73185 140,371 2,02454 -3,64549 68,1644 20 21
image 22:  90,9544 2,80538 140,299 2,02664 -3,64618 68,1584 20 22
image 23:  91,0063 2,67782 -137,479 2,06143 -4,24607 76,8383 20 23
image 24:  91,1061 2,61764 -137,429 2,06239 -4,24339 76,8115 20 24
image 25:  90,821 6,14971 -137,723 1,91832 -4,97084 84,7243 20 25
image 26:  90,8741 5,99243 -137,683 1,91785 -4,9682 84,7463 20 26
image 27:  91,1853 3,04724 -137,169 2,48084 -5,72724 91,8201 20 27
image 28:  91,4731 2,6874 -137,225 2,48804 -5,73088 91,8278 20 28
image 29:  91,1051 -1,05407 -135,758 5,41098 6,08119 100,083 20 29
image 30:  91,1437 -0,891111 -135,691 5,40479 6,07338 99,952 20 30
image 31:  91,2354 -3,79574 -134,899 5,3957 6,5825 106,429 20 31
image 32:  91,459 -4,12429 -134,971 5,39612 6,57968 106,343 20 32
image 33:  90,1945 -1,25384 -136,273 6,32042 6,68024 114,908 20 33
image 34:  90,5177 -1,95118 -136,095 6,32073 6,68917 114,921 20 34
Parametri coerenti TOOLBOX - no undistorted AICON - pp aicon , iteration=5
image 1:  90,7287 -1,06309 143,975 1,28364 -0,0790099 27,4009 20 1
image 2:  90,7423 -1,03159 144,013 1,28364 -0,0793522 27,3905 20 2
image 3:  90,7676 -1,00151 144,02 1,28433 -0,0786026 27,3875 20 3
image 4:  90,9168 -0,149636 144,298 2,02786 -0,409915 31,0064 20 4
image 5:  90,9059 -0,185475 144,25 2,02865 -0,410041 31,0019 20 5
image 6:  90,9349 -0,143948 144,317 2,02865 -0,409778 31,0123 20 6
image 7:  90,7092 0,239061 143,743 2,19515 -0,798637 34,8492 20 7
image 8:  90,7451 0,298833 143,785 2,1976 -0,797185 34,8558 20 8
image 9:  90,6992 0,243628 143,818 2,19466 -0,797584 34,8437 20 9
image 10:  90,7213 0,491671 143,753 2,7121 -1,11825 38,6372 20 10
image 11:  90,7194 0,510581 143,819 2,71195 -1,11624 38,6258 20 11
image 12:  90,7155 0,51847 143,79 2,71232 -1,11492 38,6217 20 12
image 13:  90,6599 0,47561 144,697 3,99683 -1,14561 42,589 20 13
image 14:  90,6619 0,56203 144,69 3,99389 -1,14635 42,5738 20 14
image 15:  90,5432 0,382707 142,552 2,54074 -1,69817 46,0922 20 15
image 16:  90,5774 0,413041 142,528 2,54096 -1,69919 46,0846 20 16
image 17:  90,5528 3,86198 -136,735 2,35907 -2,30744 53,5347 20 17
image 18:  90,5822 3,79166 -136,695 2,35887 -2,30848 53,5343 20 18
image 19:  90,7678 2,12797 141,036 2,34945 -2,91251 61,1543 20 19
image 20:  90,7543 2,0906 140,974 2,35198 -2,91241 61,162 20 20
image 21:  90,8382 2,57678 140,425 2,02187 -3,64163 68,4264 20 21
image 22:  90,8948 2,64822 140,381 2,02417 -3,64291 68,4314 20 22
image 23:  90,9489 2,78813 -137,57 2,06108 -4,2434 77,1323 20 23
image 24:  91,0528 2,71356 -137,505 2,06183 -4,24042 77,0991 20 24
image 25:  90,7695 6,24958 -137,813 1,91842 -4,9699 85,0334 20 25
image 26:  90,8216 6,0962 -137,78 1,91806 -4,9674 85,0578 20 26
image 27:  91,1207 3,17004 -137,271 2,48232 -5,72961 92,1928 20 27
image 28:  91,4085 2,81131 -137,331 2,48956 -5,73335 92,2031 20 28
image 29:  91,2272 -1,28946 -135,769 5,41674 6,08461 100,551 20 29
image 30:  91,2659 -1,12582 -135,702 5,41059 6,07682 100,42 20 30
image 31:  91,3525 -4,01417 -134,911 5,40139 6,58663 106,896 20 31
image 32:  91,5733 -4,33587 -134,984 5,40172 6,58373 106,808 20 32
image 33:  90,3116 -1,48252 -136,271 6,32707 6,68518 115,403 20 33
image 34:  90,6337 -2,1758 -136,081 6,32677 6,69349 115,405 20 34
Parametri coerenti TOOLBOX - no undistorted AICON - pp matlab,kc, iteration=5
image 1:  91,1388 -2,41449 179,963 1,17675 -0,100503 35,9207 20 1
image 2:  91,1378 -2,01416 -179,909 1,17523 -0,0966142 35,9048 20 2
image 3:  91,154 -1,91458 -179,797 1,17493 -0,0952685 35,9032 20 3
image 4:  91,2516 -0,576726 -179,368 2,21913 -0,418867 40,8441 20 4
image 5:  91,245 -0,512994 -179,506 2,22159 -0,418 40,8466 20 5
image 6:  91,2677 -0,559544 -179,444 2,22066 -0,418621 40,8436 20 6
image 7:  91,192 -2,2429 -178,329 2,47943 -0,822915 46,0755 20 7
image 8:  91,1921 -1,71363 -178,257 2,48232 -0,817293 46,0847 20 8
image 9:  91,1791 -2,30748 -178,376 2,47822 -0,821995 46,0424 20 9
image 10:  91,1986 -1,60876 -179,399 3,21711 -1,13485 51,1865 20 10
image 11:  91,21 -2,08986 -179,378 3,2149 -1,13622 51,137 20 11
image 12:  91,2031 -2,01022 -179,272 3,21525 -1,13461 51,1461 20 12
image 13:  91,062 0,00721165 -177,647 4,96 -1,14872 56,5533 20 13
image 14:  91,0337 0,227672 -177,356 4,9549 -1,14869 56,5462 20 14
image 15:  91,2005 -3,7999 179,845 3,04943 -1,72153 61,2529 20 15
image 16:  91,2277 -3,49169 179,965 3,05007 -1,72151 61,2697 20 16
image 17:  91,2648 -0,706777 -175,647 3,4312 -2,32047 71,3805 20 17
image 18:  91,11 1,91671 -174,234 3,42328 -2,30616 71,4045 20 18
image 19:  91,0152 -0,426069 177,623 2,88657 -2,91689 81,713 20 19
image 20:  91,0026 0,563553 176,731 2,89482 -2,91166 81,7341 20 20
image 21:  91,3164 -3,84524 -176,781 2,44661 -3,65756 91,4605 20 21
image 22:  91,3817 -3,5655 -176,017 2,44707 -3,65947 91,5035 20 22
image 23:  91,5448 -5,58931 -171,915 2,90698 -4,22299 102,365 20 23
image 24:  91,696 -5,99471 -171,398 2,90456 -4,219 102,265 20 24
image 25:  91,4846 -7,60551 174,923 2,74319 -4,94073 112,61 20 25
image 26:  91,5287 -7,51809 175,41 2,74295 -4,94107 112,727 20 26
image 27:  91,7831 -4,93018 -170,479 3,43045 -5,68505 122,473 20 27
image 28:  92,1907 -6,52785 -169,429 3,42384 -5,67166 122,03 20 28
image 29:  91,1835 4,9292 -170,197 7,29541 6,03097 133,478 20 29
image 30:  91,2497 5,03485 -169,81 7,28661 6,02354 133,311 20 30
image 31:  91,9637 -8,53163 -167,16 7,29784 6,52559 142,697 20 31
image 32:  92,2567 -9,65148 -166,691 7,27946 6,50463 142,236 20 32
image 33:  89,7421 8,74169 -170,741 8,40919 6,57348 151,94 20 33
image 34:  90,2266 6,5316 -172,953 8,4677 6,61879 152,896 20 34
Parametri coerenti TOOLBOX - no undistorted AICON - pp matlab, iteration=5
image 1:  91,1118 -2,5 178,951 1,1725 -0,101045 36,1507 20 1
image 2:  91,1151 -2,10522 179,079 1,17095 -0,0972443 36,1358 20 2
image 3:  91,134 -1,97438 179,194 1,17065 -0,0955028 36,1353 20 3
image 4:  91,238 -0,871609 179,137 2,21441 -0,419248 41,083 20 4
image 5:  91,2316 -0,789866 179,012 2,21669 -0,418201 41,0849 20 5
image 6:  91,2532 -0,79665 179,09 2,21563 -0,418409 41,0832 20 6
image 7:  91,154 -2,5628 -179,831 2,47574 -0,821823 46,3097 20 7
image 8:  91,1607 -2,0236 -179,764 2,47877 -0,816166 46,3211 20 8
image 9:  91,1404 -2,57074 -179,848 2,47427 -0,820422 46,2782 20 9
image 10:  91,1686 -2,17454 178,996 3,21206 -1,13477 51,4191 20 10
image 11:  91,1698 -2,45672 179,049 3,20985 -1,13462 51,3747 20 11
image 12:  91,1644 -2,37278 179,14 3,21036 -1,13301 51,3852 20 12
image 13:  91,073 -0,878425 179,904 4,9592 -1,15208 56,8674 20 13
image 14:  91,0483 -0,572322 -179,794 4,95485 -1,15159 56,8697 20 14
image 15:  91,1401 -4,382 178,472 3,04474 -1,71993 61,4302 20 15
image 16:  91,1694 -4,12136 178,541 3,04568 -1,72019 61,4457 20 16
image 17:  91,2923 -2,7867 -178,077 3,43463 -2,32764 71,5711 20 17
image 18:  91,261 -1,12649 -176,971 3,43213 -2,32146 71,6653 20 18
image 19:  90,9942 -1,10808 177,016 2,88165 -2,91544 81,8779 20 19
image 20:  90,982 -0,427028 176,382 2,88895 -2,91227 81,91 20 20
image 21:  91,2504 -3,91701 -178,021 2,44809 -3,65559 91,6852 20 21
image 22:  91,3153 -3,55294 -177,271 2,44918 -3,65792 91,7491 20 22
image 23:  91,5052 -5,53294 -172,406 2,90668 -4,22346 102,651 20 23
image 24:  91,6542 -5,92701 -171,868 2,90428 -4,21952 102,555 20 24
image 25:  91,4383 -7,98841 174,567 2,73882 -4,93656 112,736 20 25
image 26:  91,4889 -7,87036 175,09 2,73876 -4,93732 112,864 20 26
image 27:  91,739 -4,81397 -170,96 3,43209 -5,68907 122,835 20 27
image 28:  92,1404 -6,39652 -169,873 3,42559 -5,67602 122,4 20 28
image 29:  91,3057 4,14441 -170,768 7,31081 6,04194 134,142 20 29
image 30:  91,3726 4,25942 -170,351 7,30194 6,03453 133,975 20 30
image 31:  92,0345 -8,86251 -166,726 7,29297 6,52368 143,029 20 31
image 32:  92,3391 -10,0075 -166,22 7,27317 6,50149 142,541 20 32
image 33:  89,856 8,19081 -171,315 8,4281 6,58768 152,677 20 33
image 34:  90,3358 5,9567 -173,742 8,4853 6,63144 153,6 20 34
Parametri coerenti TOOLBOX - no undistorted AICON - pp matlab,kc, iteration=20(max)
image 1:  91,1388 -2,41449 179,963 1,17675 -0,100503 35,9207 20 1
image 2:  91,1378 -2,01416 -179,909 1,17523 -0,0966142 35,9048 20 2
image 3:  91,154 -1,91458 -179,797 1,17493 -0,0952685 35,9032 20 3
image 4:  91,2516 -0,576726 -179,368 2,21913 -0,418867 40,8441 20 4
image 5:  91,245 -0,512994 -179,506 2,22159 -0,418 40,8466 20 5
image 6:  91,2677 -0,559544 -179,444 2,22066 -0,418621 40,8436 20 6
image 7:  91,192 -2,2429 -178,329 2,47943 -0,822915 46,0755 20 7
image 8:  91,1921 -1,71363 -178,257 2,48232 -0,817293 46,0847 20 8
image 9:  91,1791 -2,30748 -178,376 2,47822 -0,821995 46,0424 20 9
image 10:  91,1986 -1,60876 -179,399 3,21711 -1,13485 51,1865 20 10
image 11:  91,21 -2,08986 -179,378 3,2149 -1,13622 51,137 20 11
image 12:  91,2031 -2,01022 -179,272 3,21525 -1,13461 51,1461 20 12
image 13:  91,062 0,00721165 -177,647 4,96 -1,14872 56,5533 20 13
image 14:  91,0337 0,227672 -177,356 4,9549 -1,14869 56,5462 20 14
image 15:  91,2005 -3,7999 179,845 3,04943 -1,72153 61,2529 20 15
image 16:  91,2277 -3,49169 179,965 3,05007 -1,72151 61,2697 20 16
image 17:  91,2648 -0,706777 -175,647 3,4312 -2,32047 71,3805 20 17
image 18:  91,11 1,91671 -174,234 3,42328 -2,30616 71,4045 20 18
image 19:  91,0152 -0,426069 177,623 2,88657 -2,91689 81,713 20 19
image 20:  91,0026 0,563553 176,731 2,89482 -2,91166 81,7341 20 20
image 21:  91,3164 -3,84524 -176,781 2,44661 -3,65756 91,4605 20 21
image 22:  91,3817 -3,5655 -176,017 2,44707 -3,65947 91,5035 20 22
image 23:  91,5448 -5,58931 -171,915 2,90698 -4,22299 102,365 20 23
image 24:  91,696 -5,99471 -171,398 2,90456 -4,219 102,265 20 24
image 25:  91,4846 -7,60551 174,923 2,74319 -4,94073 112,61 20 25
image 26:  91,5287 -7,51809 175,41 2,74295 -4,94107 112,727 20 26
image 27:  91,7831 -4,93018 -170,479 3,43045 -5,68505 122,473 20 27
image 28:  92,1907 -6,52785 -169,429 3,42384 -5,67166 122,03 20 28
image 29:  91,1835 4,9292 -170,197 7,29541 6,03097 133,478 20 29
image 30:  91,2497 5,03485 -169,81 7,28661 6,02354 133,311 20 30
image 31:  91,9637 -8,53163 -167,16 7,29784 6,52559 142,697 20 31
image 32:  92,2567 -9,65148 -166,691 7,27946 6,50463 142,236 20 32
image 33:  89,7421 8,74169 -170,741 8,40919 6,57348 151,94 20 33
image 34:  90,2266 6,5316 -172,953 8,4677 6,61879 152,896 20 34
Parametri non coerenti - base
Parametri non coerenti - base
