Parametri non coerenti - tracker UNDIST_NONE - no AICON undist

image 1  91,1118 -2,5 178,951 1,1725 -0,101045 36,1507 20 1
image 2  91,1151 -2,10522 179,079 1,17095 -0,0972443 36,1358 20 2
image 3  91,134 -1,97438 179,194 1,17065 -0,0955028 36,1353 20 3
image 4  91,238 -0,871609 179,137 2,21441 -0,419248 41,083 20 4
image 5  91,2316 -0,789866 179,012 2,21669 -0,418201 41,0849 20 5
image 6  91,2532 -0,79665 179,09 2,21563 -0,418409 41,0832 20 6
image 7  91,154 -2,5628 -179,831 2,47574 -0,821823 46,3097 20 7
image 8  91,1607 -2,0236 -179,764 2,47877 -0,816166 46,3211 20 8
image 9  91,1404 -2,57074 -179,848 2,47427 -0,820422 46,2782 20 9
image 10  91,1686 -2,17454 178,996 3,21206 -1,13477 51,4191 20 10
image 11  91,1698 -2,45672 179,049 3,20985 -1,13462 51,3747 20 11
image 12  91,1644 -2,37278 179,14 3,21036 -1,13301 51,3852 20 12
image 13  91,073 -0,878425 179,904 4,9592 -1,15208 56,8674 20 13
image 14  91,0483 -0,572322 -179,794 4,95485 -1,15159 56,8697 20 14
image 15  91,1401 -4,382 178,472 3,04474 -1,71993 61,4302 20 15
image 16  91,1694 -4,12136 178,541 3,04568 -1,72019 61,4457 20 16
image 17  91,2923 -2,7867 -178,077 3,43463 -2,32764 71,5711 20 17
image 18  91,261 -1,12649 -176,971 3,43213 -2,32146 71,6653 20 18
image 19  90,9942 -1,10808 177,016 2,88165 -2,91544 81,8779 20 19
image 20  90,982 -0,427028 176,382 2,88895 -2,91227 81,91 20 20
image 21  91,2504 -3,91701 -178,021 2,44809 -3,65559 91,6852 20 21
image 22  91,3153 -3,55294 -177,271 2,44918 -3,65792 91,7491 20 22
image 23  91,5052 -5,53294 -172,406 2,90668 -4,22346 102,651 20 23
image 24  91,6542 -5,92701 -171,868 2,90428 -4,21952 102,555 20 24
image 25  91,4383 -7,98841 174,567 2,73882 -4,93656 112,736 20 25
image 26  91,4889 -7,87036 175,09 2,73876 -4,93732 112,864 20 26
image 27  91,739 -4,81397 -170,96 3,43209 -5,68907 122,835 20 27
image 28  92,1404 -6,39652 -169,873 3,42559 -5,67602 122,4 20 28
image 29  91,3057 4,14441 -170,768 7,31081 6,04194 134,142 20 29
image 30  91,3726 4,25942 -170,351 7,30194 6,03453 133,975 20 30
image 31  92,0345 -8,86251 -166,726 7,29297 6,52368 143,029 20 31
image 32  92,3391 -10,0075 -166,22 7,27317 6,50149 142,541 20 32
image 33  89,856 8,19081 -171,315 8,4281 6,58768 152,677 20 33
image 34  90,3358 5,9567 -173,742 8,4853 6,63144 153,6 20 34

Parametri non coerenti - tracker UNDIST_NONE - no AICON undist
image 1  179,778 1,75988 175,61 1,03431 -1,04094 27,4066 31 1
image 2  179,774 1,73973 175,483 1,0322 -1,03843 27,3958 31 2
image 3  179,763 1,6158 175,769 0,873385 -1,24775 30,5453 31 3
image 4  179,764 1,46907 175,761 0,875913 -1,24658 30,5495 31 4
image 5  179,796 1,39975 175,843 0,464288 -1,42216 33,5425 31 5
image 6  179,794 1,40809 175,695 0,46458 -1,41985 33,5455 31 6
image 7  179,552 0,783002 176,111 1,09104 -1,66064 36,504 31 7
image 8  179,563 0,710033 176,063 1,09096 -1,66169 36,5053 31 8
image 9  179,561 -0,437301 178,068 -0,151218 1,87421 39,5765 31 9
image 10  179,545 -0,252232 177,996 -0,153211 1,87454 39,575 31 10
image 11  179,496 1,38666 179,812 0,13991 1,94305 42,6647 31 11
image 12  179,487 1,97101 179,71 0,133241 1,94479 42,6505 31 12
image 13  179,563 2,75976 178,526 0,475078 1,96887 45,7141 31 13
image 14  179,55 2,48131 178,48 0,47784 1,96988 45,724 31 14
image 15  179,137 -0,796855 179,878 -2,02244 1,89523 49,0578 31 15
image 16  179,168 -0,408288 179,729 -2,02745 1,89575 49,0445 31 16
image 17  179,183 -0,601042 -178,242 -2,12218 1,88677 52,1318 31 17
image 18  179,154 0,0716522 -177,867 -2,12927 1,88314 52,1488 31 18
image 19  179,213 4,16995 179,506 -2,87325 1,92538 54,9814 31 19
image 20  179,213 4,2079 179,363 -2,87074 1,92663 54,9725 31 20
image 21  179,39 -1,28092 179,746 -2,80469 1,92882 58,3872 31 21
image 22  179,395 -1,67055 179,67 -2,80122 1,93094 58,3957 31 22
image 23  179,712 2,61747 175,911 -2,05673 1,9567 61,3119 31 23
image 24  179,696 2,50679 176,242 -2,05768 1,95421 61,3272 31 24
image 25  179,373 -5,97848 177,69 -2,08472 2,18129 67,3912 31 25
image 26  179,357 -5,57053 177,711 -2,08819 2,18242 67,4061 31 26
image 27  179,122 -2,63591 179,066 -3,00898 2,29722 73,8561 31 27
image 28  179,156 -2,89393 179,497 -3,006 2,29722 73,8773 31 28
image 29  178,93 5,58093 -179,741 -6,67266 2,34097 80,106 31 29
image 30  178,931 5,67806 -179,793 -6,67433 2,34168 80,1204 31 30
image 31  179,535 3,75089 179,105 -7,25303 1,58716 86,953 31 31
image 32  179,553 3,69314 179,004 -7,25871 1,59001 86,9849 31 32
image 33  178,444 -9,81746 176,088 -5,6226 1,43767 92,7342 31 33
image 34  178,502 -10,0085 176,233 -5,61793 1,43794 92,6976 31 34
image 35  178,742 0,453402 -176,645 -3,73329 1,29958 99,6052 31 35
image 36  178,788 -5,25874 175,974 -3,70842 1,32778 99,5265 31 36
image 37  178,983 -3,03283 -173,471 -2,81617 0,827201 104,79 31 37
image 38  179,004 -1,99604 -172,777 -2,82201 0,811931 104,834 31 38
image 39  179,607 5,23087 176,635 -3,5129 0,718475 110,068 31 39
image 40  179,522 4,64652 176,264 -3,5104 0,716092 110,126 31 40
image 41  179,522 4,64652 176,264 -3,5104 0,716092 110,126 31 41
image 42  178,075 5,69123 -169,779 -2,18279 0,784164 116,058 31 42
image 43  178,075 5,69123 -169,779 -2,18279 0,784164 116,058 31 43
image 44  178,075 5,69123 -169,779 -2,18279 0,784164 116,058 31 44
image 45  178,804 0,114978 -177,896 -8,83311 -12,9053 155,637 31 45
image 46  178,951 1,19576 -178,083 -8,83992 -12,8978 155,596 31 46

Parametri non coerenti - tracker UNDIST_NONE - no AICON undist
image 1  91,1118 -2,5 178,951 1,16781 -0,100641 36,006 20 1
image 2  91,1153 -2,14075 179,072 1,16635 -0,0972695 35,9907 20 2
image 3  91,1339 -1,93938 179,201 1,16589 -0,0947125 35,9912 20 3
image 4  91,2373 -0,825494 179,153 2,20541 -0,417105 40,9195 20 4
image 5  91,2316 -0,789866 179,012 2,20782 -0,416529 40,9206 20 5
image 6  91,2532 -0,79665 179,09 2,20677 -0,416735 40,9189 20 6
image 7  91,1529 -2,5278 -179,834 2,4659 -0,818227 46,1253 20 7
image 8  91,1622 -2,06945 -179,759 2,46878 -0,81331 46,1349 20 8
image 9  91,1404 -2,57074 -179,848 2,46437 -0,81714 46,0931 20 9
image 10  91,1686 -2,17454 178,996 3,19921 -1,13023 51,2134 20 10
image 11  91,1698 -2,45672 179,049 3,19702 -1,13008 51,1693 20 11
image 12  91,1644 -2,37278 179,14 3,19752 -1,12847 51,1797 20 12
image 13  91,0698 -0,795239 179,923 4,93941 -1,14689 56,6422 20 13
image 14  91,0483 -0,572322 -179,794 4,93503 -1,14699 56,6422 20 14
image 15  91,1416 -4,34672 178,508 3,03248 -1,71291 61,1879 20 15
image 16  91,1694 -4,12136 178,541 3,0335 -1,71331 61,1999 20 16
image 17  91,293 -2,57382 -177,84 3,42004 -2,31748 71,2971 20 17
image 18  91,261 -1,12649 -176,971 3,4184 -2,31217 71,3787 20 18
image 19  90,9942 -1,10808 177,016 2,87012 -2,90378 81,5504 20 19
image 20  90,982 -0,427028 176,382 2,8774 -2,90062 81,5824 20 20
image 21  91,2312 -3,76427 -178,294 2,43995 -3,64079 91,3328 20 21
image 22  91,3153 -3,55294 -177,271 2,43938 -3,64329 91,3821 20 22
image 23  91,5031 -5,51331 -172,413 2,89517 -4,20661 102,243 20 23
image 24  91,6555 -5,93773 -171,862 2,89258 -4,20261 102,142 20 24
image 25  91,4327 -8,01576 174,518 2,7278 -4,91645 112,275 20 25
image 26  91,4889 -7,87036 175,09 2,72781 -4,91757 112,413 20 26
image 27  91,7349 -4,77887 -170,972 3,41858 -5,66649 122,35 20 27
image 28  92,1404 -6,39652 -169,873 3,41189 -5,65331 121,911 20 28
image 29  91,3057 4,14441 -170,768 7,28156 6,01777 133,606 20 29
image 30  91,3726 4,25942 -170,351 7,27273 6,0104 133,439 20 30
image 31  92,0375 -8,87677 -166,709 7,26346 6,49728 142,451 20 31
image 32  92,3366 -9,99291 -166,226 7,24426 6,47569 141,974 20 32
image 33  89,856 8,19081 -171,315 8,39439 6,56133 152,066 20 33
image 34  90,3358 5,9567 -173,742 8,45136 6,60492 152,985 20 34
