
Parametri non coerenti - base
image 1 
image 2 
image 3 
image 4  0,505094 -2,21123 177,793 -2,32963 -1,70662 41,1162 318 1
image 5  0,441186 -1,97947 177,428 -3,2028 -1,49913 46,355 318 2
image 6  0,440325 -1,96681 177,475 -3,2009 -1,49509 46,3471 318 3
image 7  0,360437 -2,7472 177,358 -2,7417 -1,31111 51,3956 318 4
image 8  0,359391 -2,59259 177,425 -2,7348 -1,29329 51,3952 318 5
image 9  0,262223 -2,38373 177,242 -2,06802 -1,0692 56,6989 318 6
image 10  0,215629 -2,52823 176,904 -2,07015 -1,0767 56,6546 318 7
image 11  0,382726 -0,132469 177,379 -2,17368 -0,885313 61,893 318 8
image 12  0,392984 -0,312351 177,333 -2,16763 -0,888914 61,8369 318 9
image 13  0,296005 -2,4375 177,188 -2,29925 -0,689249 66,9415 318 10
image 14  0,33127 -2,07249 177,046 -2,44673 -0,34959 66,9853 318 11
image 15  0,288424 -2,87692 176,309 -1,7639 -0,440538 71,9465 318 12
image 16  0,273461 -2,87945 176,131 -1,75942 -0,437024 71,93 318 13
image 17  0,177657 -3,50946 175,732 -2,25971 -0,115736 82,2102 318 14
image 18  0,202653 -3,69547 175,704 -2,26629 -0,110585 82,1277 318 15
image 19  0,108607 -6,40077 178,664 -1,60543 0,368778 92,5827 318 16
image 20  0,109932 -6,18354 179,161 -1,61003 0,374659 92,5644 318 17
image 21  0,12123 -3,21784 176,613 -1,88255 0,67688 102,816 318 18
image 22  0,130415 -2,80768 176,859 -1,87699 0,701596 102,728 318 19
image 23  0,668996 -0,4419 179,724 -1,80427 1,1713 113,573 318 20
image 24  0,659247 -0,411836 179,617 -1,80236 1,17059 113,471 318 21
image 25  0,0706988 -2,29194 172,287 -1,76407 1,46327 124,163 318 22
image 26  0,0627804 -1,97482 172,65 -1,76053 1,46478 124,272 318 23
image 27  0,12339 -5,04088 174,576 -0,350508 1,87491 134,216 318 24
image 28  0,284496 5,49358 -175,777 -0,267875 1,95802 134,127 318 25
image 29  0,324564 -6,0548 176,097 -0,902423 2,17025 144,642 318 26
image 30  0,448899 -6,82372 177,277 -0,906849 2,18944 144,45 318 27
image 31  -0,0386803 -5,0335 171,908 -0,480371 2,4737 155,502 318 28
image 32  -0,0504555 -5,2001 171,81 -0,4753 2,47298 155,503 318 29
image 33  -0,0293699 -3,75639 171,331 0,817979 2,96577 165,62 318 30
image 34  -0,0215837 -3,63462 171,661 0,824376 2,97032 165,742 318 31
image 35  0,0851417 2,29476 -170,57 -0,114676 3,3872 175,583 318 32
image 36  -0,0301439 -3,21259 168,693 0,550302 3,26012 176,093 318 33
image 37  0,0181484 1,1293 179,552 2,23732 3,66258 187,05 318 34
image 38  0,0181484 1,1293 179,552 2,23732 3,66258 187,05 318 35
image 39  0,516421 -8,96442 -177,515 1,59322 3,92785 196,396 318 36
image 40  0,35976 -9,29488 -178,058 1,58309 3,94731 195,937 318 37
image 41  0,880828 -10,0971 -176,945 1,40606 4,32395 206,562 318 38
image 42  1,00921 10,7591 175,488 1,53017 4,3316 206,051 318 39
image 43  0,628248 -3,08532 -171,023 5,13106 6,48294 260,66 318 40
image 44  0,123636 4,0417 -177,637 5,15547 6,31472 260,391 318 41
image 45 
image 46  0,123636 4,0417 -177,637 5,15547 6,31472 260,391 318 42
image 47 
image 48 
image 49 
image 50 

Parametri non coerenti - tracker UNDIST_NONE
image 1 
image 2 
image 3 
image 4  0,505094 -2,21123 177,793 -2,32963 -1,70662 41,1162 318 1
image 5  0,441186 -1,97947 177,428 -3,2028 -1,49913 46,355 318 2
image 6  0,440325 -1,96681 177,475 -3,2009 -1,49509 46,3471 318 3
image 7  0,360437 -2,7472 177,358 -2,7417 -1,31111 51,3956 318 4
image 8  0,359391 -2,59259 177,425 -2,7348 -1,29329 51,3952 318 5
image 9  0,262223 -2,38373 177,242 -2,06802 -1,0692 56,6989 318 6
image 10  0,215629 -2,52823 176,904 -2,07015 -1,0767 56,6546 318 7
image 11  0,382726 -0,132469 177,379 -2,17368 -0,885313 61,893 318 8
image 12  0,392984 -0,312351 177,333 -2,16763 -0,888914 61,8369 318 9
image 13  0,296005 -2,4375 177,188 -2,29925 -0,689249 66,9415 318 10
image 14  0,33127 -2,07249 177,046 -2,44673 -0,34959 66,9853 318 11
image 15  0,288424 -2,87692 176,309 -1,7639 -0,440538 71,9465 318 12
image 16  0,273461 -2,87945 176,131 -1,75942 -0,437024 71,93 318 13
image 17  0,177657 -3,50946 175,732 -2,25971 -0,115736 82,2102 318 14
image 18  0,202653 -3,69547 175,704 -2,26629 -0,110585 82,1277 318 15
image 19  0,108607 -6,40077 178,664 -1,60543 0,368778 92,5827 318 16
image 20  0,109932 -6,18354 179,161 -1,61003 0,374659 92,5644 318 17
image 21  0,12123 -3,21784 176,613 -1,88255 0,67688 102,816 318 18
image 22  0,130415 -2,80768 176,859 -1,87699 0,701596 102,728 318 19
image 23  0,668996 -0,4419 179,724 -1,80427 1,1713 113,573 318 20
image 24  0,659247 -0,411836 179,617 -1,80236 1,17059 113,471 318 21
image 25  0,0706988 -2,29194 172,287 -1,76407 1,46327 124,163 318 22
image 26  0,0627804 -1,97482 172,65 -1,76053 1,46478 124,272 318 23
image 27  0,12339 -5,04088 174,576 -0,350508 1,87491 134,216 318 24
image 28  0,284496 5,49358 -175,777 -0,267875 1,95802 134,127 318 25
image 29  0,324564 -6,0548 176,097 -0,902423 2,17025 144,642 318 26
image 30  0,448899 -6,82372 177,277 -0,906849 2,18944 144,45 318 27
image 31  -0,0386803 -5,0335 171,908 -0,480371 2,4737 155,502 318 28
image 32  -0,0504555 -5,2001 171,81 -0,4753 2,47298 155,503 318 29
image 33  -0,0293699 -3,75639 171,331 0,817979 2,96577 165,62 318 30
image 34  -0,0215837 -3,63462 171,661 0,824376 2,97032 165,742 318 31
image 35  0,0851417 2,29476 -170,57 -0,114676 3,3872 175,583 318 32
image 36  -0,0301439 -3,21259 168,693 0,550302 3,26012 176,093 318 33
image 37  0,0181484 1,1293 179,552 2,23732 3,66258 187,05 318 34
image 38  0,0181484 1,1293 179,552 2,23732 3,66258 187,05 318 35
image 39  0,516421 -8,96442 -177,515 1,59322 3,92785 196,396 318 36
image 40  0,35976 -9,29488 -178,058 1,58309 3,94731 195,937 318 37
image 41  0,880828 -10,0971 -176,945 1,40606 4,32395 206,562 318 38
image 42  1,00921 10,7591 175,488 1,53017 4,3316 206,051 318 39
image 43  0,628248 -3,08532 -171,023 5,13106 6,48294 260,66 318 40
image 44  0,123636 4,0417 -177,637 5,15547 6,31472 260,391 318 41
image 45 
image 46  0,123636 4,0417 -177,637 5,15547 6,31472 260,391 318 42
image 47 
image 48 
image 49 
image 50 

Parametri non coerenti - tracker UNDIST_NONE - file cal focal AICON
image 1 
image 2 
image 3 
image 4  2,08671 -31,7781 -177,774 -2,58127 -1,6415 31,6616 318 1
image 5  1,74431 -32,7029 -178,328 -3,18608 -1,43598 35,4163 318 2
image 6  1,72471 -32,6882 -178,364 -3,18484 -1,43375 35,4119 318 3
image 7  1,48865 -34,6647 -178,59 -2,77745 -1,25131 39,0554 318 4
image 8  1,47308 -34,6721 -178,599 -2,77416 -1,23436 39,0422 318 5
image 9  1,15387 -36,1718 -178,909 -2,22702 -1,01231 42,9102 318 6
image 10  1,09378 -36,216 -178,999 -2,22768 -1,0144 42,8819 318 7
image 11  1,14463 -36,8399 -178,929 -2,28965 -0,832015 46,5832 318 8
image 12  1,13391 -36,7803 -178,988 -2,28347 -0,836222 46,5691 318 9
image 13  0,849067 -37,4137 -179,379 -2,31503 -0,641394 50,3374 318 10
image 14  0,643219 -37,2803 -179,714 -2,42953 -0,301618 50,3632 318 11
image 15  0,622086 -38,0758 -179,786 -1,87594 -0,38617 54,1259 318 12
image 16  0,54999 -38,1843 -179,942 -1,87257 -0,381418 54,0731 318 13
image 17  0,287581 -38,812 179,762 -2,17886 -0,0617669 61,5428 318 14
image 18  0,337093 -38,7919 179,807 -2,18275 -0,0559269 61,5036 318 15
image 19  0,114318 -40,283 179,997 -1,61256 0,384409 68,9696 318 16
image 20  0,124691 -40,1838 -179,9 -1,61797 0,385459 68,9823 318 17
image 21  -0,269492 -39,8313 179,128 -1,80813 0,707998 76,6574 318 18
image 22  -0,307508 -39,9821 179,083 -1,80646 0,728532 76,4669 318 19
image 23  0,29796 -39,9393 179,748 -1,7343 1,16999 84,5485 318 20
image 24  0,19312 -39,9029 179,518 -1,73364 1,16897 84,4967 318 21
image 25  -0,773959 -39,5962 178,115 -1,66747 1,53598 93,1689 318 22
image 26  0 0 -0 0 0 0 318 23
image 27  0 0 -0 0 0 0 318 24
image 28  0 0 -0 0 0 0 318 25
image 29  -0,508877 -40,9953 178,329 -0,94901 2,19764 107,805 318 26
image 30  -0,295266 -41,0862 178,657 -0,948205 2,20872 107,648 318 27
image 31  0 0 -0 0 0 0 318 28
image 32  0 0 -0 0 0 0 318 29
image 33  0 0 -0 0 0 0 318 30
image 34  0 0 -0 0 0 0 318 31
image 35  0 0 -0 0 0 0 318 32
image 36  0 0 -0 0 0 0 318 33
image 37  0 0 -0 0 0 0 318 34
image 38  0 0 -0 0 0 0 318 35
image 39  -0,428351 -42,2091 179,211 1,00571 3,92787 146,428 318 36
image 40  -0,656289 -42,4086 178,968 0,996696 3,94385 145,863 318 37
image 41  0,108536 -42,5718 179,84 0,876764 4,31801 153,726 318 38
image 42  2,49461 41,9638 176,454 1,32082 4,35765 153,367 318 39
image 43  2,63861 39,3176 176,187 4,07811 6,54062 196,579 318 40
image 44  0 0 -0 0 0 0 318 41
image 45 
image 46  0 0 -0 0 0 0 318 42
image 47 
image 48 
image 49 
image 50 

Parametri non coerenti - tracker UNDIST_NONE - file cal princ point AICON
image 1 
image 2 
image 3 
image 4  0,516603 -2,17404 177,753 -1,60253 -1,45476 41,135 318 1
image 5  0,455049 -1,98544 177,358 -2,38451 -1,21539 46,3733 318 2
image 6  0,454676 -1,95214 177,421 -2,38228 -1,21103 46,3664 318 3
image 7  0,371537 -2,79433 177,276 -1,83518 -0,99637 51,4205 318 4
image 8  0,371299 -2,60134 177,35 -1,82743 -0,978396 51,4204 318 5
image 9  0,277596 -2,35882 177,165 -1,06584 -0,721356 56,7265 318 6
image 10  0,232793 -2,52248 176,817 -1,06917 -0,729344 56,6834 318 7
image 11  0,407895 0,0442581 177,251 -1,0765 -0,50598 61,901 318 8
image 12  0,418134 -0,147703 177,254 -1,07173 -0,509011 61,8482 318 9
image 13  0,311348 -2,38623 177,071 -1,1157 -0,27846 66,9747 318 10
image 14  0,346588 -2,10083 176,905 -1,26374 0,0611968 67,0123 318 11
image 15  0,303346 -3,04544 176,188 -0,495224 0,00135019 71,9817 318 12
image 16  0,293052 -2,97101 176,033 -0,489792 0,00514612 71,9693 318 13
image 17  0,193189 -3,57723 175,483 -0,808034 0,388096 82,2576 318 14
image 18  0,214963 -3,81232 175,443 -0,816769 0,392574 82,1741 318 15
image 19  0,0754731 -6,70689 178,313 0,0271838 0,936085 92,6485 318 16
image 20  0,0751655 -6,47757 178,809 0,0223872 0,941828 92,6291 318 17
image 21  0,12704 -3,4464 176,41 -0,0679406 1,30946 102,865 318 18
image 22  0,155501 -2,53154 176,698 -0,0581552 1,33436 102,795 318 19
image 23  0,671924 -0,249483 179,503 0,205116 1,86986 113,586 318 20
image 24  0,664174 -0,175775 179,651 0,20564 1,87115 113,481 318 21
image 25  0,0691185 -3,01888 171,994 0,423625 2,22699 124,187 318 22
image 26  0,0609423 -2,71264 172,343 0,428965 2,22896 124,291 318 23
image 27  0,273744 4,6754 -176,332 2,10494 2,78143 134,164 318 24
image 28  0,275806 5,02222 -175,766 2,09729 2,78387 134,041 318 25
image 29  0,286258 -6,82612 175,725 1,64834 3,06051 144,686 318 26
image 30  0,404172 -7,58494 176,912 1,64069 3,07869 144,502 318 27
image 31  -0,0731625 -5,94336 171,547 2,26162 3,43104 155,53 318 28
image 32  -0,0778761 -6,02523 171,464 2,26757 3,43074 155,545 318 29
image 33  -0,0532007 -4,66813 171,032 3,73987 3,98671 165,67 318 30
image 34  -0,0560844 -4,65661 171,313 3,74722 3,99121 165,773 318 31
image 35  0,0722867 1,48485 -170,897 2,98325 4,4684 175,588 318 32
image 36  -0,063492 -4,24083 168,357 3,65647 4,34522 176,127 318 33
image 37  0,0304644 1,33295 179,497 5,5433 4,81504 187,007 318 34
image 38  0,0304644 1,33295 179,497 5,5433 4,81504 187,007 318 35
image 39  0,438848 -9,84807 -178,012 5,06162 5,13885 196,491 318 36
image 40  0,282482 -10,2069 -178,523 5,04289 5,15537 196,02 318 37
image 41  0 0 -0 0 0 0 318 38
image 42  1,0473 9,81389 175,323 5,16757 5,60262 206,086 318 39
image 43  0,572904 -3,74147 -171,603 9,74282 8,09473 260,868 318 40
image 44  0,125637 3,46878 -177,788 9,7537 7,91928 260,354 318 41
image 45 
image 46  0,125637 3,46878 -177,788 9,7537 7,91928 260,354 318 42
image 47 
image 48 
image 49 
image 50 

Parametri non coerenti - tracker UNDIST_NONE - no AICON undist
image 1 
image 2 
image 3  0,429587 -2,16343 176,117 -0,881171 -1,35643 40,8816 318 1
image 4  0,485153 -2,19201 176 -0,884591 -1,34271 40,7137 318 2
image 5  0,412123 -2,26994 175,901 -1,58592 -1,09657 45,7735 318 3
image 6  0,412178 -2,24375 175,983 -1,58404 -1,09213 45,7674 318 4
image 7  0,362903 -2,04161 175,9 -0,935375 -0,859434 50,6716 318 5
image 8  0,359055 -1,8897 175,99 -0,928551 -0,842715 50,6703 318 6
image 9  0,270943 -2,04062 175,857 -0,095701 -0,584875 55,7404 318 7
image 10  0,227914 -2,20457 175,478 -0,100366 -0,593471 55,6951 318 8
image 11  0,397381 -0,337976 176,057 -0,0298235 -0,363157 60,6837 318 9
image 12  0,409532 -0,548508 176,036 -0,0244526 -0,366449 60,6302 318 10
image 13  0,293268 -2,21118 175,891 0,0309319 -0,12877 65,5929 318 11
image 14  0,318636 -2,0359 176,234 -0,120991 0,214445 65,6426 318 12
image 15  0,328328 -2,44685 175,1 0,752301 0,161492 70,5036 318 13
image 16  0,322381 -2,40555 174,988 0,755782 0,165594 70,4871 318 14
image 17  0,273861 -2,52233 173,723 0,615187 0,600096 80,5503 318 15
image 18  0,29574 -2,71354 173,61 0,606913 0,603633 80,4746 318 16
image 19  0,216376 -2,97202 177,353 1,64409 1,18202 90,7831 318 17
image 20  0,195553 -2,94148 178,409 1,6381 1,19557 90,7653 318 18
image 21  0,142774 -1,69222 176,355 1,67539 1,59123 100,791 318 19
image 22  0,163101 -1,22796 176,905 1,67931 1,61655 100,704 318 20
image 23  0,649426 -0,632542 179,82 2,13711 2,171 111,185 318 21
image 24  0,635126 -0,316218 -179,705 2,13587 2,17368 111,054 318 22
image 25  0,0597594 -3,44139 170,016 2,51642 2,51982 121,101 318 23
image 26  0,053741 -3,14041 170,406 2,52456 2,52305 121,22 318 24
image 27  0,221265 2,87763 -175,012 4,31834 3,125 130,794 318 25
image 28  0,225261 3,18862 -174,473 4,30758 3,12676 130,665 318 26
image 29  0,286848 -5,50808 173,986 4,07623 3,39795 140,932 318 27
image 30  0,355522 -5,9087 174,956 4,07257 3,41637 140,826 318 28
image 31  -0,0219729 -4,72069 170,725 4,85316 3,79009 151,271 318 29
image 32  -0,024146 -4,73423 170,663 4,85989 3,7902 151,295 318 30
image 33  -0,0707318 -5,71429 171,632 6,55149 4,38723 161,71 318 31
image 34  -0,065252 -5,65099 172,178 6,57013 4,39649 161,904 318 32
image 35  0,061569 0,925781 -172,007 5,9906 4,87637 171,211 318 33
image 36  -0,0939489 -5,42854 169,095 6,65189 4,76365 171,756 318 34
image 37  -0,0659399 -1,65053 -175,574 8,69788 5,41913 182,842 318 35
image 38  -0,0659399 -1,65053 -175,574 8,69788 5,41913 182,842 318 36
image 39  0,504282 -7,74544 -175,465 8,44115 5,76706 192,531 318 37
image 40  0,321678 -7,57691 -176,721 8,4296 5,78613 192,34 318 38
image 41  1,16682 3,19595 171,586 8,68406 6,17513 202,504 318 39
image 42  0,956924 5,57587 173,905 8,69772 6,24189 202,272 318 40
image 43  0,529809 -4,15331 -172,786 14,3411 8,89592 256,202 318 41
image 44  0,107424 3,04374 -179,095 14,3167 8,71208 255,391 318 42
image 45  0,465279 -7,60147 -174,076 17,0203 11,1824 308,043 318 43
image 46  0,484907 5,30175 -179,639 17,6795 11,7049 319,463 318 44
image 47  -0,520346 -12,2771 169,991 20,5223 13,6311 365,388 318 45
image 48  0,912546 3,16574 171,379 20,3607 14,0083 363,655 318 46
image 49  -0,165394 -4,45973 165,403 21,3436 15,745 407,802 318 47
image 50  -0,165394 -4,45973 165,403 21,3436 15,745 407,802 318 48
