Parametri	coerenti	con	TOOLBOX	-	azzerate	distorsioni			err		diff (toolbox no dist),(non coerenti)					
image	1.00	91,0916	-2,41158	178,848	0,528464	0,138367	36,1619	20	-0,4565		0,049	-0,73004	-0,555	0,641852	0,554527	-0,6703
image	2.00	91,0979	-2,05919	178,965	0,527313	0,141567	36,1449	20	-0,4565		0,0488	-0,63843	-0,547	0,641345	0,55527	-0,668
image	3.00	91,1178	-1,8945	179,089	0,526889	0,143698	36,1438	20	-0,4563		0,0479	-0,62602	-0,624	0,641974	0,555423	-0,6671
image	4.00	91,2313	-0,862888	178,948	1,4831	-0,148348	41,0873	20	-0,5277		0,1463	-1,444812	-0,991	0,726506	0,632098	-0,8563
image	5.00	91,226	-0,718082	178,846	1,48514	-0,146638	41,0904	20	-0,527		0,143	-1,469733	-0,909	0,726197	0,631864	-0,855
image	6.00	91,2472	-0,737762	178,911	1,48424	-0,146988	41,088	20	-0,5269		0,141	-1,409309	-0,899	0,725756	0,632471	-0,8551
image	7.00	91,1273	-2,63184	-179,998	1,65062	-0,517227	46,3118	20	-0,1344		0,0573	-0,98812	-2,191	0,835138	0,725913	-0,9421
image	8.00	91,1388	-2,06506	-179,932	1,65342	-0,511225	46,322	20	-0,1318		0,0553	-0,80499	-2,192	0,835636	0,727725	-0,9386
image	9.00	91,1139	-2,67669	179,971	1,64981	-0,516361	46,2794	20	-0,135		0,0583	-1,07144	357,869	0,834709	0,724719	-0,9468
image	10.00	91,1459	-2,1543	178,747	2,29653	-0,795769	51,4273	20	-0,0167		0,1069	-1,178955	357,923	0,9042	0,816151	-1,177
image	11.00	91,1447	-2,5541	178,784	2,29515	-0,796852	51,38	20	-0,0156		0,1018	-1,17506	357,92	0,90341	0,815508	-1,1755
image	12.00	91,1402	-2,46085	178,885	2,29538	-0,795094	51,3902	20	-0,018		0,1018	-1,1769	357,859	0,90411	0,815546	-1,1736
image	13.00	91,0599	-0,766655	179,766	3,94502	-0,776394	56,8679	20	0,0968		0,1772	-3,317395	357,006	1,02862	0,895186	-1,3275
image	14.00	91,0369	-0,454783	-179,915	3,94029	-0,775814	56,8672	20	0,0964		0,1649	-2,807893	-3,217	1,03124	0,898646	-1,3133
image	15.00	91,095	-4,43709	178,237	1,95031	-1,3158	61,4504	20	0,0001		0,0312	-3,837728	354,901	1,108305	0,97979	-1,7779
image	16.00	91,1237	-4,24684	178,236	1,95124	-1,31629	61,4587	20	0,0022		0,031	-3,732181	354,828	1,109044	0,98046	-1,7681
image	17.00	91,2498	-1,93721	-177,553	2,1543	-1,85145	71,5948	20	0,4914		0,7743	-7,31243	-7,454	1,326241	1,06035	-1,2472
image	18.00	91,1964	0,149914	-176,252	2,14774	-1,84112	71,6514	20	0,5358		0,7073	-5,137016	-6,242	1,320502	1,07221	-1,2059
image	19.00	90,9763	-1,37953	176,508	1,42273	-2,3774	81,8854	20	0,5336		-0,1654	1,17091	349,555	1,4679963	1,28652	-1,6912
image	20.00	90,9761	-0,548347	175,774	1,42998	-2,37323	81,9183	20	0,5527		-0,1288	1,545723	348,94	1,4716075	1,2916	-1,7492
image	21.00	91,215	-4,40881	-178,1	0,81124	-3,05211	91,6396	20	0,5101		-0,1252	-2,23462	-6,995	1,629094	1,44252	-1,8802
image	22.00	91,302	-4,1705	-177,075	0,809651	-3,0537	91,6749	20	0,7349		-0,0996	-1,99238	-6,504	1,62662	1,44116	-1,8162
image	23.00	91,4152	-6,04107	-173,129	1,07635	-3,54648	102,578	20	1,135		0,3059	-4,28572	-0,951	1,8433	1,64688	-2,214
image	24.00.00	91,556	-6,42117	-172,614	1,07577	-3,54317	102,483	20	1,11		0,3863	-4,62533	-0,849	1,839953	1,64676	-2,274
image	25.00.00	91,2999	-8,2715	173,752	0,729289	-4,19498	112,751	20	1,287		0,0706	-19,0441	344,163	2,094989	1,76691	-2,384
image	26.00.00	91,3515	-8,16036	174,274	0,726922	-4,1948	112,876	20	1,282		0,1403	-18,52726	344,433	2,093432	1,76823	-2,345
image	27.00.00	91,6565	-5,33593	-171,736	1,24093	-4,8777	122,745	20	1,466		0,0601	-2,60547	-1,747	2,214969	1,99838	-2,67
image	28.00.00	92,034	-6,93707	-170,668	1,24219	-4,8673	122,304	20	1,411		0,0718	-2,47339	-1,387	2,205769	1,99453	-2,713
image	29.00.00	91,3616	4,26689	-171,798	4,91529	6,92111	134,036	20	13,143		0,0964	-0,05934	-2,701	2,35593	2,11158	-2,735
image	30.00.00	91,447	4,19297	-171,395	4,9105	6,91347	133,897	20	2,947		0,1824	-0,61474	-2,765	2,35625	2,11198	-2,603
image	31.00.00	91,9035	-9,36324	-167,995	4,74362	7,46559	143,041	20	2,709		0,1673	-2,78039	-2,584	2,51203	2,23637	-3,09
image	32.00.00	92,1794	-10,4605	-167,487	4,73277	7,44073	142,561	20	1,145		0,1682	-2,71023	-2,239	2,50096	2,22539	-3,172
image	33.00.00	90,0024	8,12957	-172,326	5,70052	7,58778	152,554	20	3,116		-0,1275	-1,66199	0,811	2,76036	2,42147	-2,694
image	34.00.00	90,4373	5,98469	-174,678	5,74078	7,63747	153,469	20	2,358		-0,1055	-1,70099	0,766	2,77637	2,43387	-2,756
																
Parametri	coerenti	con	AICON								diff (toolbox no dist),(toolbox)					
image	1.00	90,6963	-0,738194	142,168	0,807452	-0,172986	27,7327	20			-0,0894	0,24419	-0,503	0,009306	0,017183	-0,6565
image	2.00	90,7095	-0,708542	142,208	0,807704	-0,173239	27,7224	20			-0,0905	0,29321	-0,596	0,010168	0,017975	-0,6565
image	3.00	90,735	-0,678747	142,258	0,808291	-0,17253	27,7253	20			-0,0917	0,28593	-0,73	0,011561	0,017789	-0,6563
image	4.00	90,8518	0,334011	142,598	1,4869	-0,520648	31,4516	20			-0,0899	-0,328428	-0,527	0,00297	0,019279	-0,8277
image	5.00	90,846	0,306936	142,589	1,48735	-0,520715	31,4526	20			-0,0928	-0,219486	-0,46	0,00212	0,020376	-0,827
image	6.00	90,8773	0,3483	142,62	1,48749	-0,520429	31,4581	20			-0,0907	-0,253226	-0,487	0,00257	0,020053	-0,8269
image	7.00	0	0	0	0	0	0	20			-0,1633	-0,44948	-1,17	0,03393	0,02831	-0,9344
image	8.00	0	0	0	0	0	0	20			-0,1655	-0,32211	-1,284	0,03493	0,029718	-0,9318
image	9.00	0	0	0	0	0	0	20			-0,163	-0,46638	358,861	0,03344	0,028271	-0,935
image	10.00	90,7017	1,11551	142,41	2,04327	-1,27205	39,3499	20			-0,2039	-0,13872	-0,836	0,01997	0,033347	-1,1167
image	11.00	90,6991	1,12722	142,454	2,04329	-1,27007	39,3336	20			-0,1954	-0,27076	-0,699	0,01883	0,032239	-1,1156
image	12.00	90,6957	1,13692	142,425	2,04374	-1,26866	39,3294	20			-0,1964	-0,29699	-0,797	0,01949	0,03204	-1,118
image	13.00	90,7636	1,4348	143,33	3,23569	-1,31986	43,3886	20			0,0208	-0,479798	0,44	0,03094	0,010423	-1,0032
image	14.00	0	0	0	0	0	0	20			0,0194	-0,4203195	-359,611	0,03133	0,010979	-1,0036
image	15.00	90,5592	3,35359	-137,495	1,22512	-1,88897	47,1667	20			0,0607	-1,62689	2,383	0,01527	0,01694	-1,3999
image	16.00	90,5963	3,33066	-137,463	1,22511	-1,89052	47,1537	20			0,0532	-1,6112	2,397	0,01521	0,01745	-1,3978
image	17.00	90,2878	3,79293	-136,768	1,40449	-2,4872	54,405	20			0,0807	-4,65975	-6,016	0,06367	0,01691	-1,7086
image	18.00	90,32	3,71552	-136,738	1,40417	-2,48818	54,407	20			0,0256	-2,596366	-4,839	0,05795	0,02807	-1,6642
image	19.00	90,7948	3,02325	139,336	1,29423	-3,12625	62,2458	20			-0,0373	-2,217085	2,96	0,00158	0,045	-1,9664
image	20.00	90,781	2,98625	139,273	1,29674	-3,1262	62,2549	20			-0,0447	-1,522377	2,592	0,00431	0,04813	-1,9473
image	21.00	91,0013	2,98623	-137,452	0,478592	-3,9088	69,6383	20			0,0893	-2,51109	-357,747	0,020871	0,08386	-2,8899
image	22.00	91,0511	2,94389	-137,395	0,480843	-3,91088	69,6428	20			-0,0997	-1,69982	-2,884	0,045802	0,08065	-2,6651
image	23.00	90,833	3,09256	-137,81	0,681095	-4,55482	78,2103	20			-0,0193	-1,77784	-1,948	0,03373	0,10803	-3,365
image	24.00.00	90,8666	3,11294	-137,738	0,683855	-4,55147	78,1849	20			0,0173	-1,92733	-1,86	0,03231	0,10808	-3,39
image	25.00.00	90,7338	6,63387	-137,974	0,389467	-5,32596	86,3218	20			0,0514	-1,54775	2,218	0,03717	0,14409	-4,113
image	26.00.00	90,7306	6,54029	-137,899	0,390333	-5,32258	86,3413	20			0,0521	-1,59176	2,376	0,0364	0,14423	-4,118
image	27.00.00	91,1935	3,2594	-137,471	0,828257	-6,12998	93,7408	20			-0,0045	-1,71234	-2,752	0,13145	0,01751	-2,634
image	28.00.00	91,4862	2,8888	-137,531	0,835564	-6,1338	93,7505	20			0,0045	-1,68478	-2,299	0,12953	0,01999	-2,689
image	29.00.00	91,0337	-0,697677	-135,989	3,65268	5,68228	102,309	20			-0,6679	9,51918	-3,429	3,80263	11,8084	9,043
image	30.00.00	91,0318	-0,490212	-135,921	3,64825	5,67474	102,164	20			-0,0732	1,56725	-4,084	0,06655	0,12233	-2,853
image	31.00.00	91,3124	-3,70118	-134,967	3,52983	6,16709	108,903	20			0,1445	-3,23432	-3,888	0,07799	0,10922	-3,091
image	32.00.00	91,5376	-4,04411	-135,033	3,53148	6,16411	108,802	20			0,1222	-3,09163	-3,36	0,07026	0,10021	-3,255
image	33.00.00	90,279	-1,04129	-137,525	4,25246	6,23279	117,774	20			0,8551	-1,18545	-7,842	0,18225	0,19739	-1,284
image	34.00.00	90,6036	-1,77751	-137,337	4,25248	6,24192	117,785	20			0,8473	-1,40431	-9,32	0,18515	0,19553	-1,342
																
Parametri	non	coerenti									diff(non coerenti),(toolbox)					
image	1.00	91,0426	-1,68154	179,403	-0,113388	-0,41616	36,8322	20			-0,1384	0,97423	0,052	-0,632546	-0,537344	0,0138
image	2.00	91,0491	-1,42076	179,512	-0,114032	-0,413703	36,8129	20			-0,1393	0,93164	-0,049	-0,631177	-0,537295	0,0115
image	3.00	91,0699	-1,26848	179,713	-0,115085	-0,411725	36,8109	20			-0,1396	0,91195	-0,106	-0,630413	-0,537634	0,0108
image	4.00	91,085	0,581924	179,939	0,756594	-0,780446	41,9436	20			-0,2362	1,116384	0,464	-0,723536	-0,612819	0,0286
image	5.00	91,083	0,751651	179,755	0,758943	-0,778502	41,9454	20			-0,2358	1,250247	0,449	-0,724077	-0,611488	0,028
image	6.00	91,1062	0,671547	179,81	0,758484	-0,779459	41,9431	20			-0,2317	1,156083	0,412	-0,723186	-0,612418	0,0282
image	7.00	91,07	-1,64372	-177,807	0,815482	-1,24314	47,2539	20			-0,2206	0,53864	1,021	-0,801208	-0,697603	0,0077
image	8.00	91,0835	-1,26007	-177,74	0,817784	-1,23895	47,2606	20			-0,2208	0,48288	0,908	-0,800706	-0,698007	0,0068
image	9.00	91,0556	-1,60525	-177,898	0,815101	-1,24108	47,2262	20			-0,2213	0,60506	0,992	-0,801269	-0,696448	0,0118
image	10.00	91,039	-0,975345	-179,176	1,39233	-1,61192	52,6043	20			-0,3108	1,040235	-358,759	-0,88423	-0,782804	0,0603
image	11.00	91,0429	-1,37904	-179,136	1,39174	-1,61236	52,5555	20			-0,2972	0,9043	-358,619	-0,88458	-0,783269	0,0599
image	12.00	91,0384	-1,28395	-178,974	1,39127	-1,61064	52,5638	20			-0,2982	0,87991	-358,656	-0,88462	-0,783506	0,0556
image	13.00	90,8827	2,55074	-177,24	2,9164	-1,67158	58,1954	20			-0,1564	2,837597	-356,566	-0,99768	-0,884763	0,3243
image	14.00	90,872	2,35311	-176,698	2,90905	-1,67446	58,1805	20			-0,1455	2,3875735	-356,394	-0,99991	-0,887667	0,3097
image	15.00	91,0638	-0,599362	-176,664	0,842005	-2,29559	63,2283	20			0,0295	2,210838	-352,518	-1,093035	-0,96285	0,378
image	16.00	91,0927	-0,514659	-176,592	0,842196	-2,29675	63,2268	20			0,0222	2,120981	-352,431	-1,093834	-0,96301	0,3703
image	17.00	90,4755	5,37522	-170,099	0,828059	-2,9118	72,842	20			-0,6936	2,65268	1,438	-1,262571	-1,04344	-0,4614
image	18.00	90,4891	5,28693	-170,01	0,827238	-2,91333	72,8573	20			-0,6817	2,54065	1,403	-1,262552	-1,04414	-0,4583
image	19.00	91,1417	-2,55044	-173,047	-0,0452663	-3,66392	83,5766	20			0,1281	-3,387995	-346,595	-1,4664163	-1,24152	-0,2752
image	20.00	91,1049	-2,09407	-173,166	-0,0416275	-3,66483	83,6675	20			0,0841	-3,0681	-346,348	-1,4672975	-1,24347	-0,1981
image	21.00	91,3402	-2,17419	-171,105	-0,817854	-4,49463	93,5198	20			0,2145	-0,27647	-350,752	-1,608223	-1,35866	-1,0097
image	22.00	91,4016	-2,17812	-170,571	-0,816969	-4,49486	93,4911	20			-0,0001	0,29256	3,62	-1,580818	-1,36051	-0,8489
image	23.00	91,1093	-1,75535	-172,178	-0,76695	-5,19336	104,792	20			-0,3252	2,50788	-0,997	-1,80957	-1,53885	-1,151
image	24.00.00	91,1697	-1,79584	-171,765	-0,764183	-5,18993	104,757	20			-0,369	2,698	-1,011	-1,807643	-1,53868	-1,116
image	25.00.00	91,2293	10,7726	-170,411	-1,3657	-5,96189	115,135	20			-0,0192	17,49635	-341,945	-2,057819	-1,62282	-1,729
image	26.00.00	91,2112	10,3669	-170,159	-1,36651	-5,96303	115,221	20			-0,0882	16,9355	-342,057	-2,057032	-1,624	-1,773
image	27.00.00	91,5964	-2,73046	-169,989	-0,974039	-6,87608	125,415	20			-0,0646	0,89313	-1,005	-2,083519	-1,98087	0,036
image	28.00.00	91,9622	-4,46368	-169,281	-0,963579	-6,86183	125,017	20			-0,0673	0,78861	-0,912	-2,076239	-1,97454	0,024
image	29.00.00	91,2652	4,32623	-169,097	2,55936	4,80953	136,771	20			-0,7643	9,57852	-0,728	1,4467	9,69682	11,778
image	30.00.00	91,2646	4,80771	-168,63	2,55425	4,80149	136,5	20			-0,2556	2,18199	-1,319	-2,2897	-1,98965	-0,25
image	31.00.00	91,7362	-6,58285	-165,411	2,23159	5,22922	146,131	20			-0,0228	-0,45393	-1,304	-2,43404	-2,12715	-0,001
image	32.00.00	92,0112	-7,75027	-165,248	2,23181	5,21534	145,733	20			-0,046	-0,3814	-1,121	-2,4307	-2,12518	-0,083
image	33.00.00	90,1299	9,79156	-173,137	2,94016	5,16631	155,248	20			0,9826	0,47654	-8,653	-2,57811	-2,22408	1,41
image	34.00.00	90,5428	7,68568	-175,444	2,96441	5,2036	156,225	20			0,9528	0,29668	-10,086	-2,59122	-2,23834	1,414
																
Parametri	coerenti	TOOLBOX							err							
image	1.00	91,181	-2,65577	179,351	0,519158	0,121184	36,8184	20	0,2							
image	2.00	91,1884	-2,3524	179,561	0,517145	0,123592	36,8014	20	0,2							
image	3.00	91,2095	-2,18043	179,819	0,515328	0,125909	36,8001	20	0,2							
image	4.00	91,3212	-0,53446	179,475	1,48013	-0,167627	41,915	20	0,3							
image	5.00	91,3188	-0,498596	179,306	1,48302	-0,167014	41,9174	20	0,3							
image	6.00	91,3379	-0,484536	179,398	1,48167	-0,167041	41,9149	20	0,3							
image	7.00	91,2906	-2,18236	-178,828	1,61669	-0,545537	47,2462	20	0,8							
image	8.00	91,3043	-1,74295	-178,648	1,61849	-0,540943	47,2538	20	0,8							
image	9.00	91,2769	-2,21031	-178,89	1,61637	-0,544632	47,2144	20	0,8							
image	10.00	91,3498	-2,01558	179,583	2,27656	-0,829116	52,544	20	1,1							
image	11.00	91,3401	-2,28334	179,483	2,27632	-0,829091	52,4956	20	1,1							
image	12.00	91,3366	-2,16386	179,682	2,27589	-0,827134	52,5082	20	1,1							
image	13.00	91,0391	-0,286857	179,326	3,91408	-0,786817	57,8711	20	1,1							
image	14.00	91,0175	-0,0344635	179,696	3,90896	-0,786793	57,8708	20	1,1							
image	15.00	91,0343	-2,8102	175,854	1,93504	-1,33274	62,8503	20	1,4							
image	16.00	91,0705	-2,63564	175,839	1,93603	-1,33374	62,8565	20	1,4							
image	17.00	91,1691	2,72254	-171,537	2,09063	-1,86836	73,3034	20	2,2							
image	18.00	91,1708	2,74628	-171,413	2,08979	-1,86919	73,3156	20	2,2							
image	19.00	91,0136	0,837555	173,548	1,42115	-2,4224	83,8518	20	2,5							
image	20.00	91,0208	0,97403	173,182	1,42567	-2,42136	83,8656	20	2,5							
image	21.00	91,1257	-1,89772	179,647	0,790369	-3,13597	94,5295	20	3,4							
image	22.00	91,4017	-2,47068	-174,191	0,763849	-3,13435	94,34	20	3,4							
image	23.00	91,4345	-4,26323	-171,181	1,04262	-3,65451	105,943	20	4,5							
image	24.00.00	91,5387	-4,49384	-170,754	1,04346	-3,65125	105,873	20	4,5							
image	25.00.00	91,2485	-6,72375	171,534	0,692119	-4,33907	116,864	20	5,4							
image	26.00.00	91,2994	-6,5686	171,898	0,690522	-4,33903	116,994	20	5,4							
image	27.00.00	91,661	-3,62359	-168,984	1,10948	-4,89521	125,379	20	4,1							
image	28.00.00	92,0295	-5,25229	-168,369	1,11266	-4,88729	124,993	20	4,1							
image	29.00.00	92,0295	-5,25229	-168,369	1,11266	-4,88729	124,993	20	4,1							
image	30.00.00	91,5202	2,62572	-167,311	4,84395	6,79114	136,75	20	5,8							
image	31.00.00	91,759	-6,12892	-164,107	4,66563	7,35637	146,132	20	5,8							
image	32.00.00	92,0572	-7,36887	-164,127	4,66251	7,34052	145,816	20	4,4							
image	33.00.00	89,1473	9,31502	-164,484	5,51827	7,39039	153,838	20	4,4							
image	34.00.00	89,59	7,389	-165,358	5,55563	7,44194	154,811	20	3,7							
